.Random.seed <-
c(403L, 10L, -77002008L, -1588247317L, 1865538953L, 1301413144L, 
-1257004986L, 1075284129L, -777072845L, 972684962L, -444060268L, 
-1859472361L, 210981901L, 421151012L, -1653494518L, -477705099L, 
1408477135L, 91351254L, 777005184L, 777647811L, -1543036831L, 
-698142512L, -754226642L, -538027047L, 1792058347L, 2061992538L, 
802264092L, 770724127L, -1343839883L, -703274996L, -1177810462L, 
-1523961155L, -476672713L, -1249324578L, 628700952L, 1272307323L, 
-1068307431L, 783498408L, -1760020906L, -1405250863L, -2029673853L, 
-1600620270L, -1336001372L, 1384893543L, -1929640515L, 1839920948L, 
135062682L, -1179350299L, 1521783935L, 621080070L, -1401316976L, 
-1752128461L, 748825553L, -473095808L, -1848701858L, 922053545L, 
-243051941L, -1591744918L, 1214540556L, -351888049L, 1976788485L, 
31509692L, -869036654L, -1042504051L, -735961913L, 138361262L, 
1123476488L, 912349195L, 1333841129L, 1032383416L, -402746266L, 
-263916287L, -2117266541L, -689114046L, -1474466828L, 1423795703L, 
1982274029L, -747914620L, 2138119338L, 10562069L, -2143045969L, 
1603351734L, 867623648L, 1866595875L, 1097761089L, 1908227120L, 
-2090809778L, -633965895L, 118367947L, 1537343354L, 1218938492L, 
-237501761L, 1607689109L, 1305936812L, 1515219330L, 2003201885L, 
1342554711L, 1465731390L, -1086781064L, -1231633829L, 999769529L, 
-2023745528L, 1349249718L, -1074748943L, -979445725L, -1062832014L, 
-1242969404L, -518923129L, 1616719965L, -1854351788L, -276687750L, 
-86761531L, -1592909537L, 1812435110L, 38335024L, 1700751571L, 
1305503473L, 1824097824L, -2033315650L, -1363561271L, 1903312507L, 
1911417930L, -555903828L, -289369169L, 1284003685L, -1498501860L, 
138859890L, 207592941L, 1521889831L, 718225998L, -27998552L, 
-1926153045L, -488849975L, 2098082264L, -747255674L, -509840031L, 
370378995L, -1650223262L, 1328251348L, -1471593257L, 1912096461L, 
-1339101596L, 240315466L, 1489078709L, -660777713L, -2072354282L, 
-1155629888L, -1302553981L, 801285793L, -1296766832L, 773423982L, 
-1487622887L, 1668201899L, -1914037350L, 462820188L, -334744993L, 
-1463748043L, -850198068L, 1040202018L, 2139388797L, 1486542967L, 
1164389790L, -1684601768L, 109134267L, -582658215L, -1569057560L, 
-219489002L, -3367279L, 17109827L, 1198599762L, 1987297508L, 
1637561127L, 786229117L, 936774260L, -1467108262L, 1490185381L, 
2072155839L, -100586170L, 974681040L, -859398669L, -958547695L, 
-948009664L, 1847887134L, 396206569L, -704900325L, 780909866L, 
-859892148L, 562786831L, -483916475L, -1337374980L, 1127685458L, 
2069369549L, -158586233L, 2041769326L, 664315720L, -80370869L, 
-501888343L, 1318354936L, -375795930L, -1305309119L, 199459283L, 
1336191874L, 254369716L, 451934007L, 722447917L, -1294319804L, 
-510927766L, 1011115733L, -848637841L, 1055625590L, -1215464800L, 
-484939933L, -40375295L, -625133712L, -597164274L, 683129209L, 
1370828043L, -2082105798L, -500904644L, -518798721L, 1391192533L, 
23373804L, 718010690L, 1924957853L, -114797801L, -1111678338L, 
-499183048L, 949495067L, -376573319L, -200481844L, 1389064672L, 
1780000802L, -1504795352L, -474312436L, -1218969028L, -152090382L, 
-336671504L, -505276604L, 553626712L, 789349946L, -1228025616L, 
-82368836L, 2053267988L, 1251044546L, -16770464L, 2092114300L, 
-2044883760L, -1886361566L, 1350091944L, -1298493044L, 27873724L, 
1222564914L, -501459136L, 1040749236L, -500155064L, -1586321734L, 
933401360L, -574932756L, 232750164L, -1894425838L, 18300320L, 
737400780L, -1045847200L, -795693886L, -643726808L, -1661997652L, 
1922431804L, -419274894L, 1974230832L, -948734940L, -806161864L, 
-313514278L, -324414576L, 1682393340L, 477888916L, 1041412930L, 
-867902976L, -1311542212L, 1392908880L, 565179554L, 1025660744L, 
-837853684L, -1400910116L, -831729582L, 1719255168L, 1510009684L, 
1733891048L, 911393530L, -1848021168L, -515182548L, 197017972L, 
-1650908526L, -1706577312L, 1409701004L, -1487805088L, 885614818L, 
-1076383576L, -1345434932L, 1079424508L, -114581582L, 507029488L, 
-2134817340L, -1727219368L, 522786170L, 689550768L, 461846972L, 
-1480963500L, -2007552574L, -649561312L, 400509884L, -639957936L, 
1374916578L, -1097829528L, -1433417908L, 2068589308L, 895531762L, 
-1642876672L, 938890356L, 1189554696L, 1920580026L, -1916032560L, 
793201644L, -1126500460L, 1483111634L, -1991989152L, -457551540L, 
608319264L, 252107394L, 1116023272L, 728486892L, 1569287740L, 
-638064014L, 330477424L, -2079645404L, 478686776L, 1263320474L, 
1735968208L, -770448964L, 1325298324L, -1498151294L, -1094807104L, 
390319932L, -713906544L, 1421914914L, -1231501816L, -1677453556L, 
175060892L, 1986392082L, -653147264L, -758026476L, 2100152616L, 
500428858L, 182831056L, 993708652L, -230663116L, 893346962L, 
-1831768736L, -1149628084L, 191166944L, -1330081886L, -416264280L, 
-110877556L, 2113160124L, 755529842L, 901514224L, 1871052868L, 
223667288L, 251322426L, 1471635568L, 1998189116L, -1847567596L, 
-180379966L, 1190219488L, -395979652L, 554139856L, 16225186L, 
502514216L, 216327436L, 925100988L, 840541490L, 1976949952L, 
2040000052L, 1742386888L, -266275142L, 214425744L, 148130540L, 
-2091058604L, 346218130L, -1267483872L, -381146164L, -566334240L, 
-842528062L, 2013098024L, -1006949460L, 1298148028L, 177198578L, 
-1903131088L, 265564068L, -646752840L, 217169754L, -315742064L, 
-641717380L, -893811948L, 1918374210L, 1743397632L, 62824380L, 
1154933584L, -955542238L, 444911176L, 655464460L, -1585373092L, 
-18585134L, -870544896L, -1406942892L, -1826638616L, -1213461254L, 
45643472L, 1618689324L, -1605711628L, -940055150L, -1744324256L, 
1578694668L, 1306242784L, -1295193502L, -221749592L, -399141300L, 
1540217724L, 27407666L, -1761452432L, 941058884L, -644361256L, 
1557270394L, 886051376L, -179393604L, -2076179884L, -16282558L, 
-326289248L, -1594592580L, 56638928L, -668444830L, 1908773608L, 
-159722292L, -1846940164L, 573757938L, 2057696896L, -1083357708L, 
1082638984L, 1752725306L, -564428976L, 1506073708L, -1501155948L, 
-1052181422L, 421677536L, -1044286260L, -982105952L, -1298232958L, 
182801900L, 826697210L, -989302225L, -1618862535L, 321947726L, 
-1098624868L, 1202172429L, -1565438345L, 1699333760L, 1210123486L, 
-2023360597L, -1247110995L, 580992282L, 1220516312L, -1362222527L, 
-356648717L, -711362796L, -25420126L, 2073876407L, 2704257L, 
400388486L, 584926148L, -896758027L, -2058970273L, -1959647816L, 
-1803961194L, 237589155L, 139474021L, 737509762L, 2124036848L, 
263065241L, 1545556619L, -295021700L, -1245084246L, 1885031903L, 
-1156162711L, 962927486L, 628863852L, 1975588797L, 1884464263L, 
634722416L, -2026388722L, 247902267L, -1300390115L, -1187082806L, 
465422056L, -204469807L, -19366973L, 1975301316L, 799558514L, 
-93260217L, 270755345L, 499705750L, -1728595212L, 1681353861L, 
995905999L, -741538616L, 880682342L, -1511811181L, -1125852939L, 
740700370L, 1442758432L, 30965513L, -1329313733L, -1261437556L, 
-1065323494L, -177248113L, -329728039L, 168812654L, 1035379708L, 
1672261997L, 489728791L, 2059991776L, -1129731906L, -1629510005L, 
98163981L, -961679046L, -274062984L, 1687982881L, -1703967789L, 
-917615884L, -1938529406L, -1518931433L, -978157343L, 660901414L, 
2092861220L, -227989547L, -1708368001L, -97285608L, 53700918L, 
-1630472253L, -427395579L, -138349150L, -318277232L, -1647697607L, 
-199838229L, 511596252L, 600793866L, -611127809L, 576418889L, 
-2012199458L, 328521100L, 1291346269L, 678697319L, 913730192L, 
438461614L, -1795599013L, 2085574973L, 813097898L, 357274696L, 
730053745L, -896173597L, -1537288988L, -1386057710L, -617978905L, 
-2066084943L, 883328502L, 1097959444L, -1718876379L, -1276895185L, 
218098152L, 1565617862L, -996356237L, 1640687573L, -1152147534L, 
-1018779264L, -1091096215L, -1477462565L, 258125100L, 945526586L, 
1492576751L, -2113827719L, 1945173774L, 1827109596L, -1414653619L, 
1681585335L, -1402524096L, 72630046L, -1947568661L, 1240631661L, 
-1644271654L, -243375720L, 1309593601L, 512041395L, 1599748308L, 
1333337570L, -546420617L, 304053697L, -1814964410L, 375079556L, 
